0.5039904117584229
0.3819701671600342
0.4669954776763916
0.4139997959136963
0.0720052719116211
0.19299888610839844
0.26000356674194336
0.1900007724761963
0.12100076675415039
0.2169971466064453
0.17799806594848633
0.04399704933166504
0.6760897636413574
0.8986954689025879
1.00567626953125
0.9726386070251465
1.384538173675537
0.8905527591705322
1.075204849243164
0.8861920833587646
0.844041109085083
0.7660069465637207
0.4440014362335205
0.7980124950408936
0.7450013160705566
0.7949995994567871
0.6830008029937744
0.9360604286193848
1.154904842376709
1.1078853607177734
1.396451711654663
1.5174496173858643
1.513514757156372
1.8135297298431396
2.0335116386413574
1.855520248413086
1.9903321266174316
2.0343587398529053
2.3443424701690674
2.3343632221221924
2.4313430786132812
2.317354440689087
1.5199851989746094
2.294579029083252
2.2701518535614014
1.8030517101287842
1.659257173538208
1.7972450256347656
1.5922558307647705
1.3782680034637451
1.3835539817810059
1.5725300312042236
1.4155325889587402
1.2035343647003174
1.4445230960845947
1.5970969200134277
1.7751097679138184
1.4991061687469482
1.6730897426605225
1.4325695037841797
1.7420942783355713
1.4435620307922363
1.752549409866333
1.4949920177459717
1.4049949645996094
1.7845728397369385
1.6311416625976562
1.3401265144348145
1.8621275424957275
1.755136489868164
1.1655681133270264
1.5071802139282227
1.761155128479004
1.2785708904266357
1.411560297012329
1.2390384674072266
0.9820027351379395
0.46398305892944336
0.43648600578308105
0.5270028114318848
0.40524768829345703
0.962810754776001
0.6435441970825195
0.5480892658233643
0.3172574043273926
0.6994669437408447
0.23514294624328613
0.340374231338501
0.5013115406036377
0.2649667263031006
0.6006402969360352
0.8956301212310791
1.005629062652588
1.3546302318572998
1.3020637035369873
1.525587797164917
1.475738763809204
1.7212889194488525
1.5597519874572754
1.7977285385131836
1.563223123550415
1.6792190074920654
1.7362339496612549
2.184222936630249
1.5356762409210205
1.8753292560577393
1.8337750434875488
1.752192497253418
1.9352021217346191
1.5742032527923584
2.0697247982025146
1.663752555847168
2.1757354736328125
1.48465895652771
2.824303150177002
2.8386566638946533
2.5676698684692383
3.083643913269043
2.2440969944000244
2.404093027114868
2.600142002105713
3.9853484630584717
4.29036021232605
4.765360116958618
4.395360469818115
4.069748163223267
4.031869411468506
0.44667673110961914
1.7005436420440674
1.590153455734253
2.5576040744781494
2.4445996284484863
1.1049628257751465
0.369077205657959
1.2559840679168701
0.6430647373199463
0.941129207611084
0.8731262683868408
2.0164849758148193
2.1075215339660645
1.8214068412780762
1.5257313251495361
2.628983736038208
5.339746475219727
4.7285919189453125
0.27652668952941895
2.4305033683776855
1.5017545223236084
1.4937543869018555
2.4512243270874023
0.5600099563598633
3.054219961166382
0.931027889251709
1.1470141410827637
9.691258192062378
6.650254487991333
0.7279908657073975
10.207258462905884
0.6160008907318115
1.1129992008209229
1.9499938488006592
3.423879384994507
0.2700681686401367
4.244559049606323
0.474393367767334
1.3279070854187012
1.5199894905090332
1.7199740409851074
1.650240182876587
0.6884293556213379
1.335329532623291
1.4803228378295898
1.5872588157653809
0.7781715393066406
1.4151694774627686
1.4031686782836914
1.4291729927062988
0.3351020812988281
1.698171854019165
1.7976043224334717
1.179983139038086
0.2670021057128906
0.7299995422363281
1.4030051231384277
3.903284788131714
6.490818977355957
6.538823127746582
0.3699970245361328
3.172170400619507
0.42299771308898926
0.26100707054138184
0.19800066947937012
0.3950011730194092
1.1147892475128174
1.4319779872894287
3.667588949203491
6.367735147476196
4.13243842124939
7.5824174880981445
2.5506725311279297
4.213659048080444
4.4415881633758545
4.507592439651489
4.598649740219116
1.4999966621398926
0.337996244430542
0.7039976119995117
1.0569884777069092
1.3459935188293457
1.009974718093872
1.202991008758545
1.3230059146881104
1.3449957370758057
0.699000358581543
0.8329920768737793
0.9449918270111084
1.1429967880249023
1.2019970417022705
0.9099915027618408
1.1879992485046387
0.9769923686981201
0.7730014324188232
0.6679973602294922
0.7089972496032715
0.5269968509674072
0.43886804580688477
0.5478835105895996
0.6630041599273682
0.7540044784545898
0.8198812007904053
0.695009708404541
0.8720083236694336
0.3320009708404541
0.6172652244567871
0.905249834060669
0.9922845363616943
1.0902738571166992
0.9752779006958008
1.3032689094543457
1.1428232192993164
1.3083760738372803
0.6705803871154785
0.8331096172332764
1.066112756729126
1.4606778621673584
1.1335475444793701
1.3295512199401855
0.904991865158081
0.8200094699859619
0.8259909152984619
0.8290026187896729
0.6009805202484131
0.8177394866943359
0.6407489776611328
0.21999192237854004
0.22418928146362305
0.27099013328552246
0.06399750709533691
0.07199668884277344
0.08493733406066895
0.08399844169616699
0.09299731254577637
0.3150017261505127
0.15353107452392578
0.08903336524963379
0.11299729347229004
0.09300494194030762
0.10299849510192871
0.102996826171875
0.0780031681060791
0.09799480438232422
0.063995361328125
0.05199933052062988
0.0670006275177002
0.06599545478820801
0.051993608474731445
0.06197619438171387
0.08500361442565918
0.07400751113891602
0.09100151062011719
0.06652164459228516
0.06699728965759277
0.06499171257019043
0.06600022315979004
0.08100080490112305
0.06096243858337402
0.0839996337890625
0.07597947120666504
0.05897879600524902
0.06400275230407715
0.06900143623352051
0.07553863525390625
0.06298637390136719
0.23799920082092285
0.1499927043914795
0.1539936065673828
0.156996488571167
0.15590119361877441
0.18599843978881836
0.09200215339660645
0.11400008201599121
0.08599400520324707
0.17496538162231445
0.20499801635742188
0.18500089645385742
0.1750049591064453
0.14849352836608887
0.12900066375732422
0.1609973907470703
0.16199827194213867
0.18497657775878906
0.20499467849731445
0.12099409103393555
0.10901355743408203
0.2050013542175293
0.21500086784362793
43.48222804069519
43.676220178604126
43.694228649139404
43.667245626449585
31.395575284957886
7.6651458740234375
43.839221715927124
44.03724193572998
31.587061405181885
44.37122631072998
44.42731833457947
11.745232820510864
0.8241238594055176
11.799229860305786
1.2131092548370361
1.229109764099121
0.819110631942749
1.165187120437622
0.8791646957397461
1.1311399936676025
0.783050537109375
1.070103406906128
0.654099702835083
1.0241045951843262
0.7491018772125244
1.0831036567687988
0.9290502071380615
0.8680498600006104
0.9030368328094482
1.1020560264587402
1.1366512775421143
1.0526535511016846
1.0325915813446045
1.04616117477417
1.138150930404663
0.9931528568267822
1.1331207752227783
1.1191205978393555
0.953150749206543
1.1831531524658203
1.2591900825500488
0.9482066631317139
1.197204351425171
1.3291959762573242
1.1940457820892334
1.1210479736328125
1.0190403461456299
1.2045464515686035
1.0355794429779053
1.2985835075378418
0.8965773582458496
1.1166152954101562
0.8655290603637695
0.958484411239624
1.3155970573425293
0.883530855178833
1.1485812664031982
0.7799978256225586
1.0695440769195557
1.0455653667449951
1.2341012954711914
1.062567949295044
1.0626027584075928
0.8641500473022461
0.9991047382354736
1.0891294479370117
1.2821149826049805
1.1720995903015137
1.1191043853759766
0.9945659637451172
1.2871081829071045
1.4380991458892822
1.1985137462615967
1.365098237991333
0.9400017261505127
1.031578779220581
1.428107500076294
1.0615787506103516
1.2005760669708252
0.7395768165588379
1.259584665298462
1.178563117980957
1.332582712173462
0.962578296661377
1.0685813426971436
0.942575216293335
0.9130041599273682
1.1535758972167969
0.9799661636352539
0.9579987525939941
1.1529982089996338
1.2029986381530762
1.1810007095336914
1.0499927997589111
1.246000051498413
0.9479990005493164
1.2209961414337158
1.176995038986206
0.8080129623413086
1.0010008811950684
1.0159971714019775
0.9179954528808594
1.0029983520507812
0.8720054626464844
0.8079781532287598
0.791001558303833
1.098996877670288
1.083003282546997
1.0340025424957275
1.2119989395141602
1.1339962482452393
1.0170032978057861
0.1730031967163086
0.12700343132019043
0.2350006103515625
0.28499674797058105
0.17199158668518066
0.200026273727417
0.1569960117340088
0.14999938011169434
0.1799914836883545
0.17400574684143066
0.18301725387573242
0.169999361038208
0.14493870735168457
0.14998507499694824
0.11299753189086914
0.11499929428100586
0.11499857902526855
0.10900425910949707
0.0930020809173584
0.14499664306640625
0.15902042388916016
0.12797212600708008
0.15799784660339355
0.1179957389831543
0.1049952507019043
0.10099673271179199
0.08299779891967773
0.08899712562561035
0.11303019523620605
0.08908319473266602
0.09399819374084473
0.10899829864501953
0.13256430625915527
0.12398076057434082
0.09496712684631348
0.11299848556518555
0.1100015640258789
0.1159968376159668
0.0989985466003418
0.11499738693237305
0.1159980297088623
0.10999679565429688
0.09797835350036621
0.13399529457092285
0.1179957389831543
0.11099982261657715
0.12399697303771973
0.12299704551696777
0.11899662017822266
0.13499903678894043
0.130997896194458
85.15605878829956
85.11706018447876
85.31406712532043
85.0070571899414
85.15358710289001
85.06358551979065
85.0695333480835
85.01754665374756
85.04558420181274
84.93258571624756
85.03758525848389
85.13359355926514
0.48299646377563477
0.8029990196228027
0.7440018653869629
0.4915618896484375
1.054565668106079
0.9765875339508057
1.097564697265625
1.0145246982574463
1.002087116241455
1.0331687927246094
0.9540872573852539
1.2120916843414307
1.1941652297973633
0.9555904865264893
1.0591716766357422
0.9235858917236328
0.9106223583221436
0.858588457107544
0.8825907707214355
1.1235969066619873
0.8745908737182617
1.0861144065856934
0.9985954761505127
0.8965301513671875
0.7275338172912598
1.0865342617034912
0.8816313743591309
1.033534288406372
0.962531328201294
0.8589956760406494
1.0859975814819336
0.8179152011871338
1.1519935131072998
1.2370398044586182
0.7980413436889648
1.1180436611175537
1.0560376644134521
1.0200490951538086
0.8950414657592773
0.6506342887878418
1.189143419265747
1.0681254863739014
1.0921361446380615
0.8761377334594727
0.8480911254882812
0.8351011276245117
0.9690968990325928
0.6530313491821289
0.9231500625610352
0.8361504077911377
0.5888485908508301
0.819054365158081
0.7440533638000488
0.9500534534454346
0.663527250289917
0.800051212310791
1.0790436267852783
1.0830535888671875
0.7179958820343018
0.8179709911346436
0.5729861259460449
0.9109964370727539
0.8129982948303223
0.9255714416503906
0.9415748119354248
0.9095809459686279
0.892580509185791
0.9665544033050537
0.9015765190124512
0.7425820827484131
1.0605976581573486
0.9265730381011963
0.898582935333252
1.041574239730835
0.9090042114257812
0.9070029258728027
0.8639724254608154
0.3420267105102539
0.36300015449523926
0.3540029525756836
0.47102904319763184
0.5329961776733398
0.5020062923431396
0.4270031452178955
0.42699646949768066
0.5070109367370605
0.6229987144470215
0.7029955387115479
0.7570021152496338
0.5619981288909912
0.4199554920196533
0.5210001468658447
0.5080089569091797
0.48099493980407715
0.5760061740875244
0.46999478340148926
0.46398305892944336
0.6049966812133789
0.39899635314941406
0.413985013961792
0.4759986400604248
0.4809591770172119
0.5770022869110107
0.5680043697357178
0.12600445747375488
0.09800314903259277
0.10299468040466309
0.08299612998962402
0.09999775886535645
0.09000301361083984
0.10402226448059082
0.08199548721313477
0.060986995697021484
0.08198952674865723
0.09296011924743652
0.06699323654174805
0.07799744606018066
7.3007917404174805
3.4099416732788086
7.441918611526489
3.5489416122436523
7.2529613971710205
7.452017068862915
7.330566644668579
0.736783504486084
7.360595703125
3.753566265106201
3.8705623149871826
7.8165671825408936
7.545567750930786
0.8685493469238281
0.6450021266937256
0.8220458030700684
0.626990795135498
0.5690014362335205
0.871964693069458
1.2205400466918945
1.0315372943878174
0.7755386829376221
0.9645895957946777
2.1066110134124756
2.3546295166015625
2.3466379642486572
2.3216326236724854
2.1411054134368896
2.2906343936920166
2.565636157989502
2.4730873107910156
2.466095447540283
2.668088912963867
2.648128032684326
2.356067419052124
2.1030776500701904
2.778078556060791
1.2719969749450684
1.2519924640655518
0.7815370559692383
1.1825263500213623
0.8775262832641602
1.1845288276672363
1.0085573196411133
0.9785263538360596
0.7845251560211182
1.2065238952636719
1.0995230674743652
1.0495281219482422
1.415527105331421
1.3265197277069092
1.3715181350708008
1.3685317039489746
0.8990004062652588
1.1209371089935303
1.3265233039855957
1.145000696182251
1.0010015964508057
0.9490013122558594
0.8970053195953369
0.41099977493286133
0.3939990997314453
0.4019627571105957
0.45800042152404785
0.5080010890960693
0.3741939067840576
0.41422557830810547
0.4958381652832031
0.5328586101531982
0.523662805557251
0.4536423683166504
0.5150008201599121
0.5750019550323486
0.5549952983856201
0.5799942016601562
0.44799089431762695
0.5695266723632812
0.38454198837280273
0.3315281867980957
0.08800101280212402
0.08399438858032227
0.06700825691223145
0.07499814033508301
0.06999826431274414
0.09396553039550781
0.07399725914001465
0.052995920181274414
5.205590486526489
5.47161340713501
5.4445884227752686
5.406591415405273
5.374587535858154
5.5725932121276855
5.638162612915039
5.561162233352661
3.168768882751465
5.9201600551605225
3.140773057937622
5.6931540966033936
1.2765529155731201
1.5645647048950195
1.2185688018798828
1.084571361541748
1.249568223953247
1.088566541671753
1.2345671653747559
1.271540641784668
1.247563123703003
1.2950026988983154
1.1710114479064941
0.9750018119812012
0.2910020351409912
0.3529987335205078
0.3260014057159424
0.37198948860168457
4.165211200714111
4.667275428771973
4.170210361480713
4.328212738037109
4.178215742111206
4.308222055435181
4.028213262557983
3.28220796585083
4.2501914501190186
4.162214756011963
4.349231004714966
2.017882823944092
2.035884380340576
0.9769980907440186
0.9759888648986816
0.7849981784820557
1.01900053024292
0.872020959854126
1.1479835510253906
1.0829977989196777
0.959017276763916
1.3329977989196777
1.094998836517334
1.167065143585205
1.1710574626922607
1.246067762374878
1.2070446014404297
1.1110594272613525
0.9280602931976318
1.257063627243042
1.0910570621490479
1.1440651416778564
1.2140576839447021
1.1570603847503662
1.0205144882202148
0.14600086212158203
0.133012056350708
2.432405471801758
2.373448610305786
2.5935006141662598
2.3295400142669678
1.492537260055542
2.369597911834717
2.8465993404388428
2.658198356628418
2.505727529525757
2.732731580734253
1.3652136325836182
2.7277252674102783
1.1732656955718994
3.0647284984588623
1.0771899223327637
1.0841364860534668
1.1361279487609863
1.0109996795654297
0.8209998607635498
1.1639986038208008
2.0585474967956543
2.021568775177002
1.9655132293701172
1.914552927017212
2.0695512294769287
2.275552272796631
2.4335460662841797
2.155548095703125
2.5265161991119385
1.4230022430419922
2.2855517864227295
2.2615487575531006
2.855541229248047
0.33100128173828125
0.3320038318634033
0.34998559951782227
0.46700334548950195
0.5650005340576172
0.4720008373260498
0.45600342750549316
0.5190038681030273
0.38298559188842773
0.41100001335144043
0.2615513801574707
0.4629981517791748
0.41600728034973145
0.5489988327026367
0.3823676109313965
0.5684359073638916
0.11007332801818848
0.13919639587402344
0.24300146102905273
0.32297635078430176
0.2949695587158203
0.22070050239562988
0.4182262420654297
0.41413235664367676
0.48154520988464355
0.596092939376831
0.5545303821563721
6.858411550521851
1.633418083190918
6.847445011138916
6.4244489669799805
6.7144036293029785
6.8183982372283936
6.696443796157837
6.524447917938232
1.987417221069336
6.429446458816528
2.0584142208099365
1.1029951572418213
7.1124467849731445
0.7819898128509521
1.2969715595245361
0.7469968795776367
0.7979955673217773
1.0100109577178955
0.9140188694000244
0.9129941463470459
0.7909951210021973
0.8620402812957764
0.9920015335083008
0.984994649887085
1.1160175800323486
1.1030020713806152
0.8380007743835449
1.2599687576293945
1.2009892463684082
1.3389744758605957
1.0810017585754395
1.3959991931915283
1.2759854793548584
1.4650013446807861
1.0959961414337158
1.4419994354248047
1.3190081119537354
1.3795228004455566
1.1125221252441406
1.3535447120666504
1.3015732765197754
1.2025234699249268
1.1425199508666992
1.1605231761932373
1.4235248565673828
1.1635220050811768
1.301527738571167
1.0465238094329834
1.2795233726501465
1.2025220394134521
1.1549839973449707
1.3049733638763428
1.2440052032470703
0.8510029315948486
1.2520005702972412
1.0510046482086182
1.0655152797698975
1.3955259323120117
1.3105318546295166
1.1095263957977295
1.0985229015350342
1.2195336818695068
1.0595042705535889
1.061523675918579
1.287531852722168
0.31898951530456543
0.3730010986328125
0.3620026111602783
0.4170107841491699
0.42296576499938965
0.4380016326904297
0.43500423431396484
0.5179750919342041
20.590590953826904
20.76959228515625
94.02690362930298
95.49190020561218
95.63690137863159
95.76990127563477
95.72693586349487
95.68188619613647
95.59990048408508
94.31491136550903
94.33292865753174
75.58683776855469
95.68388485908508
95.63289666175842
0.7919986248016357
