18.23799180984497
18.83159303665161
20.607373237609863
20.017073154449463
17.114009857177734
17.093634366989136
17.19290256500244
17.168291807174683
17.127634525299072
17.14217472076416
17.246678829193115
17.149535417556763
17.163570880889893
18.250896215438843
16.182185411453247
17.10495901107788
17.237122297286987
17.322346210479736
17.21926188468933
17.220415830612183
17.17635464668274
18.629152297973633
20.1887047290802
19.566781282424927
17.383121013641357
17.155723094940186
17.228658437728882
17.453436851501465
17.6931369304657
17.622480154037476
17.897403955459595
17.714287281036377
17.59502387046814
17.6763858795166
17.68169593811035
17.75266742706299
17.69528555870056
17.731170415878296
17.642537593841553
17.637853384017944
17.654887437820435
19.778104782104492
20.405184030532837
19.702585220336914
17.266200304031372
17.314634561538696
17.4702205657959
17.887763500213623
17.392216444015503
17.449849843978882
17.748807430267334
17.63654851913452
17.66439461708069
17.834710359573364
17.767750024795532
17.966450691223145
17.77728843688965
17.99513530731201
17.67537260055542
17.795199394226074
19.20615577697754
20.281866550445557
